
   11111
   22222
   33333
   44444
   55555
   ----------------------------
   12345
   12345
   12345
   12345
   12345
   ------------------------------
   55555
   44444
   33333
   22222
   11111

   ------------------
   54321
   54321
   54321
   54321
   54321
   --------------------
   12345
   678910
   11---15
   16-20
   21-25

   ----------------------------
   1 3 5 7 9
   11 13 15 17 19
   21 23 25 27 29
   31 33 35 37 39
   41 43 45 47 49
   --------------------
   2 4 6 8 10
   12 -----20
   22-----30
   32------40
   42------50
   -----------------------
